Steps: 1361000	Loss: 9741.61621	PPL: 1.92826	bleu: 55.41949	LR: 0.00020000	*
Steps: 1362000	Loss: 10933.72266	PPL: 2.08960	bleu: 54.74047	LR: 0.00020000	
Steps: 1363000	Loss: 11946.55762	PPL: 2.23724	bleu: 53.98611	LR: 0.00020000	
