Steps: 1000	Loss: 39670.13672	PPL: 14.49655	bleu: 15.53798	LR: 0.00020000	*
Steps: 2000	Loss: 29843.58984	PPL: 7.47501	bleu: 32.67127	LR: 0.00020000	*
Steps: 3000	Loss: 30210.04297	PPL: 7.66195	bleu: 36.81805	LR: 0.00020000	
