Steps: 1000	Loss: 38468.00000	PPL: 13.14044	bleu: 16.50518	LR: 0.00020000	*
Steps: 2000	Loss: 29126.99609	PPL: 7.03045	bleu: 36.09849	LR: 0.00020000	*
Steps: 3000	Loss: 29629.62695	PPL: 7.27108	bleu: 39.15022	LR: 0.00020000	
