num_heads_enc: 16	num_heads_dec: 16	dropout: 0.5	hidden_size_enc: 1024	hidden_size_dec: 1024	batch_size: 2048
Steps: 200	Loss: 24720.97656	PPL: 47.59142	bleu: 1.56748	LR: 0.00020000	*
Steps: 400	Loss: 20168.42773	PPL: 23.36682	bleu: 2.71295	LR: 0.00020000	*
Steps: 600	Loss: 18384.76562	PPL: 17.68328	bleu: 8.11218	LR: 0.00020000	*
Steps: 800	Loss: 18063.14453	PPL: 16.81660	bleu: 9.14450	LR: 0.00020000	*
Steps: 1000	Loss: 17867.57812	PPL: 16.31050	bleu: 13.06026	LR: 0.00020000	*
