num_heads_enc: 8	num_heads_dec: 8	dropout: 0.3	hidden_size_enc: 256	hidden_size_dec: 256	batch_size: 512
Steps: 200	Loss: 30340.91797	PPL: 114.52217	bleu: 0.00000	LR: 0.00020000	*
Steps: 400	Loss: 27244.50391	PPL: 70.59460	bleu: 0.91444	LR: 0.00020000	*
