num_heads_enc: 16	num_heads_dec: 16	dropout: 0.4	hidden_size_enc: 1024	hidden_size_dec: 1024	batch_size: 2048
Steps: 200	Loss: 23910.41797	PPL: 41.93005	bleu: 2.48196	LR: 0.00020000	*
Steps: 400	Loss: 18438.38672	PPL: 17.83206	bleu: 8.16395	LR: 0.00020000	*
Steps: 600	Loss: 17377.86914	PPL: 15.10902	bleu: 12.52136	LR: 0.00020000	*
Steps: 800	Loss: 16573.49219	PPL: 13.32455	bleu: 15.07067	LR: 0.00020000	*
Steps: 1000	Loss: 16482.91602	PPL: 13.13730	bleu: 25.18786	LR: 0.00020000	*
