num_heads_enc: 16	num_heads_dec: 16	dropout: 0.3	hidden_size_enc: 1024	hidden_size_dec: 1024	batch_size: 2048
Steps: 200	Loss: 24026.32617	PPL: 42.69635	bleu: 1.76418	LR: 0.00020000	*
Steps: 400	Loss: 17894.23242	PPL: 16.37857	bleu: 12.11977	LR: 0.00020000	*
Steps: 600	Loss: 16627.66016	PPL: 13.43780	bleu: 23.63126	LR: 0.00020000	*
Steps: 800	Loss: 15877.63379	PPL: 11.95178	bleu: 24.36391	LR: 0.00020000	*
Steps: 1000	Loss: 15943.37012	PPL: 12.07517	bleu: 31.73714	LR: 0.00020000	
