Steps: 1000	Loss: 41595.23047	PPL: 7.50644	bleu: 34.29049	LR: 0.00020000	*
Steps: 2000	Loss: 39531.01953	PPL: 6.79187	bleu: 41.02774	LR: 0.00020000	*
Steps: 3000	Loss: 40444.12109	PPL: 7.09916	bleu: 42.08127	LR: 0.00020000	
Steps: 4000	Loss: 40474.10156	PPL: 7.10948	bleu: 41.86959	LR: 0.00020000	
