num_heads_enc: 16	num_heads_dec: 16	dropout: 0.1	hidden_size_enc: 1024	hidden_size_dec: 1024	batch_size: 2048
Steps: 200	Loss: 24505.91016	PPL: 46.01873	bleu: 2.91164	LR: 0.00020000	*
Steps: 400	Loss: 17587.47070	PPL: 15.61204	bleu: 21.30697	LR: 0.00020000	*
Steps: 600	Loss: 15934.09570	PPL: 12.05769	bleu: 28.96315	LR: 0.00020000	*
Steps: 800	Loss: 15356.32812	PPL: 11.01685	bleu: 30.42260	LR: 0.00020000	*
Steps: 1000	Loss: 15586.10449	PPL: 11.41957	bleu: 34.97413	LR: 0.00020000	
