Steps: 1000	Loss: 49656.07031	PPL: 11.09395	bleu: 21.01448	LR: 0.00030000	*
Steps: 2000	Loss: 42434.71875	PPL: 7.81812	bleu: 38.51578	LR: 0.00030000	*
Steps: 3000	Loss: 43479.24219	PPL: 8.22405	bleu: 39.68439	LR: 0.00030000	*
Steps: 4000	Loss: 43478.77734	PPL: 8.22387	bleu: 42.18449	LR: 0.00030000	*
