num_heads_enc: 16	num_heads_dec: 8	dropout: 0.2	hidden_size_enc: 1024	hidden_size_dec: 1024	batch_size: 1024
Steps: 200	Loss: 25396.16797	PPL: 52.88666	bleu: 3.05139	LR: 0.00020000	*
Steps: 400	Loss: 19132.28711	PPL: 19.87415	bleu: 12.14651	LR: 0.00020000	*
Steps: 600	Loss: 16758.41797	PPL: 13.71517	bleu: 19.03509	LR: 0.00020000	*
Steps: 800	Loss: 15533.16406	PPL: 11.32550	bleu: 27.12126	LR: 0.00020000	*
