Steps: 1360500	Loss: 29520.69531	PPL: 5.41208	bleu: 22.89455	LR: 0.00020000	*
Steps: 1361250	Loss: 32315.11914	PPL: 6.35016	bleu: 20.85306	LR: 0.00020000	
Steps: 1362000	Loss: 35713.75781	PPL: 7.71285	bleu: 19.11900	LR: 0.00020000	
