num_heads_enc: 16	num_heads_dec: 16	dropout: 0.3	hidden_size_enc: 2048	hidden_size_dec: 2048	batch_size: 2048
Steps: 200	Loss: 27310.82617	PPL: 71.32996	bleu: 1.14187	LR: 0.00020000	*
Steps: 400	Loss: 21429.60938	PPL: 28.45649	bleu: 4.68302	LR: 0.00020000	*
Steps: 600	Loss: 18784.16016	PPL: 18.82197	bleu: 11.82894	LR: 0.00020000	*
Steps: 800	Loss: 17815.58594	PPL: 16.17853	bleu: 19.31632	LR: 0.00020000	*
Steps: 1000	Loss: 17800.01172	PPL: 16.13921	bleu: 20.82950	LR: 0.00020000	*
