Steps: 1361000	Loss: 9462.72852	PPL: 1.88437	bleu: 58.00229	LR: 0.00020000	*
Steps: 1362000	Loss: 10717.83398	PPL: 2.04957	bleu: 56.30178	LR: 0.00020000	
Steps: 1363000	Loss: 11780.66113	PPL: 2.20074	bleu: 56.11357	LR: 0.00020000	
