Steps: 1000	Loss: 50444.53906	PPL: 10.93020	bleu: 24.21726	LR: 0.00020000	*
Steps: 2000	Loss: 48954.73438	PPL: 10.18483	bleu: 34.00603	LR: 0.00020000	*
Steps: 3000	Loss: 49871.55859	PPL: 10.63729	bleu: 35.34940	LR: 0.00020000	
Steps: 4000	Loss: 50174.03516	PPL: 10.79093	bleu: 35.24246	LR: 0.00020000	
