num_heads_enc: 16	num_heads_dec: 8	dropout: 0.1	hidden_size_enc: 1024	hidden_size_dec: 1024	batch_size: 2048
Steps: 200	Loss: 25133.40430	PPL: 50.75927	bleu: 4.59649	LR: 0.00020000	*
Steps: 400	Loss: 17923.30273	PPL: 16.45313	bleu: 14.63603	LR: 0.00020000	*
Steps: 600	Loss: 16110.93555	PPL: 12.39550	bleu: 25.65454	LR: 0.00020000	*
Steps: 800	Loss: 15131.31836	PPL: 10.63626	bleu: 30.48438	LR: 0.00020000	*
Steps: 1000	Loss: 15204.40234	PPL: 10.75841	bleu: 35.08659	LR: 0.00020000	
