num_heads_enc: 16	num_heads_dec: 16	dropout: 0.2	hidden_size_enc: 1024	hidden_size_dec: 1024	batch_size: 2048
Steps: 200	Loss: 24170.81250	PPL: 43.67122	bleu: 3.25983	LR: 0.00020000	*
Steps: 400	Loss: 17739.19336	PPL: 15.98657	bleu: 13.90648	LR: 0.00020000	*
Steps: 600	Loss: 16240.02930	PPL: 12.64807	bleu: 24.89044	LR: 0.00020000	*
Steps: 800	Loss: 15603.61523	PPL: 11.45086	bleu: 29.01101	LR: 0.00020000	*
Steps: 1000	Loss: 15715.48828	PPL: 11.65278	bleu: 33.00455	LR: 0.00020000	
